0.352902	0.470148	-0.477765	0.388731	0.509146	-0.236131
0.385516	0.276402	-0.182085	0.417349	0.536029	-0.115413
-0.111565	0.487093	0.431786	-0.0107423	0.452774	0.311397
0.32435	0.132216	0.312778	0.398768	0.35211	0.0709416
-0.0943038	0.796555	-0.305287	0.0172351	0.757874	-0.248346
0.236422	0.580984	-0.393557	0.310392	0.521303	-0.232277
0.146153	0.156435	0.383074	0.237432	0.320446	0.172386
0.468768	1.04551	-0.0673471	0.417349	0.536029	-0.115413
0.483078	0.356488	-0.262322	0.417349	0.536029	-0.115413
0.216988	0.227146	0.0103689	0.244804	0.228948	-0.0266538
0.289949	0.687665	-0.31889	0.417349	0.536029	-0.115413
-0.148934	0.95229	0.350176	0.0572487	0.818896	0.250065
0.0779696	1.03788	0.0345975	0.261794	0.764044	-0.0193553
0.348668	0.816323	0.0876077	0.417349	0.536029	-0.115413
-0.00475104	0.815091	-0.16288	0.096075	0.727042	-0.138163
0.196564	0.708108	-0.263828	0.221368	0.628846	-0.239349
-0.0286242	0.38007	0.214895	0.1765	0.411034	0.140593
0.451917	0.398827	0.0965886	0.417349	0.536029	-0.115413
0.426265	0.386909	-0.0307934	0.417349	0.536029	-0.115413
0.0118265	0.931683	-0.200188	0.141528	0.829706	-0.246837
-0.215026	1.00258	-0.296801	-0.0304875	0.862143	-0.242805
-0.155289	0.912403	0.532799	0.0184764	0.825698	0.398781
-0.106609	0.608458	0.31698	0.0915354	0.538923	0.233649
0.318953	0.213601	0.00270844	0.417349	0.536029	-0.115413
0.155496	0.685554	0.459178	0.252493	0.649362	0.241474
0.362004	0.7887	-0.282614	0.417349	0.536029	-0.115413
-0.166826	0.727367	-0.23968	0.0422135	0.619656	-0.236017
0.455215	0.462593	0.105237	0.417349	0.536029	-0.115413
0.145651	0.719362	0.294358	0.217851	0.697827	0.135411
0.36064	0.270825	-0.0302095	0.417349	0.536029	-0.115413
0.419469	0.0856315	-0.284765	0.417349	0.536029	-0.115413
0.296668	0.605961	0.230404	0.331104	0.566268	0.158339
0.390002	0.691111	-0.220041	0.417349	0.536029	-0.115413
0.100364	0.49857	-0.117782	0.320396	0.540728	-0.114665
0.23904	0.221066	-0.142463	0.417349	0.536029	-0.115413
0.246009	0.59338	-0.134962	0.417349	0.536029	-0.115413
0.225883	0.68678	-0.0329376	0.417349	0.536029	-0.115413
0.265814	0.756246	-0.455318	0.3581	0.651999	-0.254946
0.373148	1.02477	-0.353355	0.390002	0.691111	-0.220041
-0.0589372	0.922009	0.378329	0.095026	0.776128	0.235986
0.469512	-0.14523	-0.476086	0.429247	0.231273	-0.286147
-0.278531	0.810418	0.417127	-0.176552	0.745179	0.371067
0.396458	0.89024	0.293025	0.376516	0.760322	0.120619
0.00244397	0.646951	-0.285587	0.170478	0.573882	-0.227086
0.076059	0.992962	-0.352716	0.274041	0.780618	-0.269142
0.491651	0.82801	-0.498749	0.450723	0.750315	-0.317548
0.3802	-0.017676	0.217514	0.388404	0.307901	-0.0136156
-0.31456	0.914907	0.157756	-0.136696	0.890096	0.119048
0.458602	0.818058	-0.258598	0.417349	0.536029	-0.115413
0.0876278	0.557448	0.305397	0.214509	0.538969	0.125966
-0.248668	0.965964	0.106991	-0.136696	0.890096	0.119048
0.387258	0.580694	0.458569	0.428621	0.573072	0.196257
0.287808	0.836807	-0.407119	0.341437	0.742429	-0.307004
0.418023	0.411395	0.0660397	0.417349	0.536029	-0.115413
0.410652	1.00849	-0.217388	0.417349	0.536029	-0.115413
0.204083	0.157372	-0.188665	0.34705	0.324643	-0.13947
0.20185	0.694535	0.354043	0.252493	0.649362	0.241474
-0.0606419	1.01324	0.25559	0.0463474	0.913007	0.173281
-0.0287912	0.335479	0.392998	0.148532	0.362398	0.221789
-0.0502345	0.733775	0.279424	0.132889	0.629522	0.209627
0.230399	-0.0781616	-0.22766	0.34705	0.324643	-0.13947
0.462177	0.917586	-0.261683	0.417349	0.536029	-0.115413
0.432037	0.630466	-0.0574507	0.417349	0.536029	-0.115413
0.0888413	0.676262	0.263076	0.132889	0.629522	0.209627
0.182041	1.03709	-0.269647	0.278279	0.965354	-0.239004
0.0184764	0.825698	0.398781	0.174769	0.768281	0.220456
0.181122	0.188175	0.350141	0.237432	0.320446	0.172386
-0.16344	0.935911	0.448938	-0.103605	0.901898	0.381976
0.0905488	0.927906	-0.167964	0.27921	0.719312	-0.0911836
0.0198103	0.888216	-0.258887	0.141528	0.829706	-0.246837
0.471613	0.119919	-0.491245	0.483078	0.356488	-0.262322
0.434403	0.316896	-0.389619	0.431189	0.400013	-0.330794
0.135996	0.94123	0.33921	0.181381	0.883001	0.241178
0.252128	1.0357	0.18865	0.300379	0.781243	0.0424396
0.0229921	0.339599	0.286027	0.1765	0.411034	0.140593
0.161824	0.846701	-0.404858	0.289949	0.687665	-0.31889
0.237866	0.603644	-0.295012	0.417349	0.536029	-0.115413
0.289537	0.0628155	-0.182795	0.34705	0.324643	-0.13947
0.420728	0.272151	-0.413128	0.431189	0.400013	-0.330794
0.300251	0.394596	-0.236005	0.417349	0.536029	-0.115413
-0.0462157	0.666588	0.176242	0.080913	0.648824	0.130565
0.166667	1.04155	-0.0341136	0.27921	0.719312	-0.0911836
-0.0026558	1.00974	-0.0728337	0.0111015	0.996112	-0.121926
0.0404447	0.389364	-0.155859	0.214611	0.513707	-0.199865
0.263761	0.481471	-0.333893	0.417349	0.536029	-0.115413
0.0065381	0.666607	0.286466	0.132889	0.629522	0.209627
-0.101285	0.723098	0.524387	-0.0414307	0.668398	0.435751
0.186141	0.67762	-0.491882	0.356651	0.600562	-0.297166
-0.333804	0.998207	-0.137773	-0.121507	0.85937	-0.193076
0.214509	0.538969	0.125966	0.369302	0.538845	-0.0708739
0.293445	0.542982	-0.432779	0.388731	0.509146	-0.236131
-0.277152	0.931323	0.472406	-0.103605	0.901898	0.381976
0.287288	0.398925	-0.285762	0.417349	0.536029	-0.115413
0.108271	1.03727	0.452282	0.181381	0.883001	0.241178
0.279101	0.722857	0.418521	0.331104	0.566268	0.158339
0.158437	0.138091	-0.148735	0.23904	0.221066	-0.142463
0.111401	0.987659	-0.215498	0.238446	0.831806	-0.131522
0.107185	0.622789	0.00452289	0.194345	0.597487	-0.0630499
0.101333	0.642571	0.338525	0.247993	0.591951	0.183863
0.272396	0.170894	0.167887	0.405012	0.451121	-0.0214347
0.096075	0.727042	-0.138163	0.246009	0.59338	-0.134962
0.191873	0.380081	0.133114	0.351793	0.473317	-0.00132096
0.330363	0.834897	-0.30655	0.417349	0.536029	-0.115413
0.387896	0.255979	-0.34785	0.417349	0.536029	-0.115413
0.386912	0.873456	-0.0758367	0.417349	0.536029	-0.115413
0.0535514	1.03405	-0.471305	0.124051	0.96052	-0.41162
0.374046	0.51033	0.478777	0.445975	0.515999	0.20828
-0.136148	0.98551	0.341909	0.0463474	0.913007	0.173281
0.321468	0.073425	-0.0982181	0.417349	0.536029	-0.115413
-0.141386	0.771783	0.0151628	-0.104281	0.722254	-0.121616
0.202547	0.835242	0.241176	0.31965	0.725655	0.0448286
0.264827	0.202879	-0.298339	0.300251	0.394596	-0.236005
-0.000959215	1.02689	-0.134172	0.0631937	0.908413	-0.15483
0.464617	0.722403	0.0741284	0.417349	0.536029	-0.115413
0.433355	0.743206	-0.114904	0.417349	0.536029	-0.115413
0.380472	0.779224	0.0532714	0.417349	0.536029	-0.115413
-0.0801853	0.891096	-0.310601	0.0525877	0.810516	-0.263474
0.403644	0.898769	0.0946592	0.417349	0.536029	-0.115413
-0.101491	0.761259	0.292804	0.080913	0.648824	0.130565
0.12798	0.204273	0.0692602	0.270116	0.410543	-0.00550006
0.295874	0.151808	-0.100493	0.417349	0.536029	-0.115413
0.0740661	0.374944	0.179433	0.1765	0.411034	0.140593
0.228727	0.712402	0.239766	0.237145	0.70924	0.186981
0.227547	0.17723	0.277205	0.235559	0.279042	0.162497
0.341437	0.742429	-0.307004	0.417349	0.536029	-0.115413
-0.122819	0.979757	-0.457018	0.0393506	0.908684	-0.314956
0.478049	0.634992	0.286189	0.428621	0.573072	0.196257
0.267322	0.927648	-0.0814383	0.417349	0.536029	-0.115413
0.0525877	0.810516	-0.263474	0.221368	0.628846	-0.239349
0.0302515	0.745709	0.35462	0.132889	0.629522	0.209627
0.285801	0.872613	0.187068	0.31965	0.725655	0.0448286
-0.103613	0.820048	-0.371492	0.0172351	0.757874	-0.248346
0.0281708	0.968584	0.376919	0.174769	0.768281	0.220456
0.0915354	0.538923	0.233649	0.214509	0.538969	0.125966
-0.0526099	0.504168	-0.100628	0.100364	0.49857	-0.117782
0.0886352	0.154796	-0.237056	0.214114	0.339493	-0.110639
0.0821512	0.201915	-0.29674	0.300251	0.394596	-0.236005
0.413513	0.911612	0.0337739	0.417349	0.536029	-0.115413
0.48108	1.00187	-0.13136	0.417349	0.536029	-0.115413
-0.310088	1.04119	-0.115203	-0.121507	0.85937	-0.193076
-0.0156354	0.847123	0.414677	0.0184764	0.825698	0.398781
-0.115901	0.638486	0.185489	0.080913	0.648824	0.130565
-0.0167196	0.340013	0.358991	0.148532	0.362398	0.221789
0.372786	-0.0275288	-0.331362	0.385516	0.276402	-0.182085
0.212284	0.483928	0.513029	0.288798	0.471076	0.291032
0.246074	0.220563	-0.493236	0.329233	0.459767	-0.273411
-0.0416817	0.823144	0.42623	0.0888413	0.676262	0.263076
0.469873	0.278391	-0.17854	0.417349	0.536029	-0.115413
0.319322	0.862336	0.12127	0.348668	0.816323	0.0876077
0.247993	0.591951	0.183863	0.369302	0.538845	-0.0708739
0.0103487	0.368964	0.342589	0.1765	0.411034	0.140593
0.103079	0.469003	-0.442361	0.282603	0.511339	-0.281511
0.398768	0.35211	0.0709416	0.417349	0.536029	-0.115413
0.193456	0.0770998	-0.124734	0.34705	0.324643	-0.13947
0.382759	0.292001	-0.341182	0.417349	0.536029	-0.115413
0.091265	0.53882	-0.38297	0.282603	0.511339	-0.281511
0.307772	0.524767	0.326035	0.340895	0.516962	0.0781202
0.192795	0.547571	0.0176756	0.325378	0.529741	-0.0718367
0.374917	0.831239	-0.10215	0.417349	0.536029	-0.115413
-0.10417	0.725175	0.41904	0.0334296	0.650281	0.294291
0.348337	0.972501	-0.159735	0.417349	0.536029	-0.115413
0.283112	0.209588	0.0158318	0.417349	0.536029	-0.115413
-0.129666	0.732957	-0.352337	0.00244397	0.646951	-0.285587
-0.0261433	0.716905	0.467375	0.0302515	0.745709	0.35462
0.446899	0.111703	-0.417496	0.429247	0.231273	-0.286147
0.0111015	0.996112	-0.121926	0.238446	0.831806	-0.131522
0.019925	0.740117	0.318768	0.132889	0.629522	0.209627
0.385983	1.04575	-0.420204	0.390002	0.691111	-0.220041
0.448092	0.0569308	-0.427665	0.429247	0.231273	-0.286147
0.143684	0.337101	-0.243967	0.300251	0.394596	-0.236005
0.272312	-0.223531	-0.135045	0.321468	0.073425	-0.0982181
0.36926	0.457226	0.0686953	0.417349	0.536029	-0.115413
0.468422	0.472852	0.0968464	0.417349	0.536029	-0.115413
-0.054543	0.895839	0.29697	0.0572487	0.818896	0.250065
0.0440038	0.758121	0.146389	0.23109	0.748143	0.0105493
0.492367	0.99743	0.162754	0.41249	0.624881	-0.00976995
0.319442	0.670175	0.427244	0.331104	0.566268	0.158339
-0.249738	0.839298	0.325699	-0.101491	0.761259	0.292804
0.00658398	0.797798	0.478275	0.0840571	0.794812	0.349633
0.015416	0.296438	0.136235	0.191873	0.380081	0.133114
0.343491	0.97868	-0.0219383	0.417349	0.536029	-0.115413
0.095026	0.776128	0.235986	0.217851	0.697827	0.135411
0.0567935	0.222827	-0.256694	0.214114	0.339493	-0.110639
0.264686	0.12858	0.111711	0.388404	0.307901	-0.0136156
0.213169	0.74917	0.517375	0.265309	0.737383	0.361836
0.389111	0.455856	0.197167	0.36926	0.457226	0.0686953
0.252828	0.643282	-0.370853	0.356651	0.600562	-0.297166
0.235559	0.279042	0.162497	0.316283	0.421859	0.0282103
0.202074	0.888685	0.020695	0.261794	0.764044	-0.0193553
-0.301445	0.893401	0.48649	-0.12592	0.715682	0.376551
-0.0975805	0.968055	-0.150485	0.0631937	0.908413	-0.15483
0.337794	0.806468	-0.0992949	0.417349	0.536029	-0.115413
0.261794	0.764044	-0.0193553	0.417349	0.536029	-0.115413
0.240955	0.422597	-0.430716	0.329233	0.459767	-0.273411
0.169669	0.424667	0.453381	0.254116	0.481597	0.261255
0.359783	-0.0197943	-0.0304318	0.402042	0.331126	-0.0451344
-0.331991	0.898879	0.186342	-0.137488	0.837567	0.178852
0.24926	0.417362	-0.340925	0.329233	0.459767	-0.273411
0.430963	0.985002	0.031606	0.417349	0.536029	-0.115413
0.0900815	0.913666	-0.175386	0.27921	0.719312	-0.0911836
-0.0152637	0.51396	-0.219597	0.214611	0.513707	-0.199865
0.102127	0.179941	0.0739624	0.270116	0.410543	-0.00550006
0.235155	0.869923	0.023882	0.261794	0.764044	-0.0193553
0.266812	0.976553	0.517798	0.317016	0.893184	0.448301
0.0740737	0.444148	0.404679	0.224623	0.480904	0.27501
0.453735	0.111102	0.133011	0.426265	0.386909	-0.0307934
-0.0806712	0.997504	0.510811	0.0840571	0.794812	0.349633
0.373384	0.661729	-0.358114	0.417349	0.536029	-0.115413
-0.0566724	0.294328	0.200555	0.1765	0.411034	0.140593
0.34705	0.324643	-0.13947	0.417349	0.536029	-0.115413
0.122722	0.332066	-0.281523	0.300251	0.394596	-0.236005
0.297891	0.955754	0.160557	0.348668	0.816323	0.0876077
0.0334296	0.650281	0.294291	0.132889	0.629522	0.209627
0.426813	0.995355	0.20354	0.41249	0.624881	-0.00976995
0.234244	0.209744	-0.223298	0.417349	0.536029	-0.115413
0.178549	0.572643	0.333153	0.247993	0.591951	0.183863
0.41249	0.624881	-0.00976995	0.417349	0.536029	-0.115413
0.344949	-0.00789957	-0.177153	0.417349	0.536029	-0.115413
0.0898278	0.763422	-0.432053	0.221368	0.628846	-0.239349
-0.2137	0.869488	-0.143757	-0.115394	0.7975	-0.113724
0.244804	0.228948	-0.0266538	0.417349	0.536029	-0.115413
0.238446	0.831806	-0.131522	0.417349	0.536029	-0.115413
0.320452	0.411844	0.163839	0.353095	0.44376	0.0770828
0.453975	0.502388	-0.185178	0.417349	0.536029	-0.115413
0.0217699	0.84168	-0.391487	0.196564	0.708108	-0.263828
-0.0791676	0.936969	0.200408	0.0914052	0.803391	0.100491
0.43516	0.0355093	0.128078	0.426265	0.386909	-0.0307934
0.21944	0.862697	0.335428	0.376516	0.760322	0.120619
0.269406	0.75678	0.469416	0.265309	0.737383	0.361836
0.470989	0.2443	-0.0164837	0.417349	0.536029	-0.115413
0.037531	1.04516	-0.0258153	0.267322	0.927648	-0.0814383
0.0393506	0.908684	-0.314956	0.141528	0.829706	-0.246837
-0.152885	0.908617	-0.0389782	-0.115394	0.7975	-0.113724
-0.305038	0.796027	0.540413	-0.12592	0.715682	0.376551
0.368959	0.658278	-0.45578	0.356651	0.600562	-0.297166
0.133995	0.192176	-0.260277	0.300251	0.394596	-0.236005
-0.15214	0.678969	0.121543	0.080913	0.648824	0.130565
0.0572487	0.818896	0.250065	0.217851	0.697827	0.135411
0.457503	-0.0894353	-0.452162	0.429247	0.231273	-0.286147
-0.115394	0.7975	-0.113724	0.112531	0.664601	-0.168965
0.402042	0.331126	-0.0451344	0.417349	0.536029	-0.115413
-0.138073	0.641334	0.258836	0.080913	0.648824	0.130565
0.309541	0.906225	0.311753	0.376516	0.760322	0.120619
-0.0486387	0.83331	-0.476684	0.0898278	0.763422	-0.432053
0.367317	0.472559	-0.303432	0.417349	0.536029	-0.115413
0.351221	0.787937	0.422906	0.379644	0.705839	0.183626
0.325378	0.529741	-0.0718367	0.417349	0.536029	-0.115413
-0.210526	0.949061	-0.205264	-0.00475104	0.815091	-0.16288
0.0015203	0.368632	0.128804	0.1765	0.411034	0.140593
0.247909	0.581162	0.54603	0.229021	0.601793	0.411026
0.265352	0.547562	0.266795	0.340895	0.516962	0.0781202
0.408781	0.257039	0.287503	0.418023	0.411395	0.0660397
-0.12479	0.610766	-0.157189	0.0526661	0.54032	-0.135494
0.0998791	0.638759	0.147513	0.192795	0.547571	0.0176756
0.109699	0.149272	-0.225611	0.214114	0.339493	-0.110639
-0.107376	0.653245	-0.0207107	-0.104281	0.722254	-0.121616
0.431189	0.400013	-0.330794	0.417349	0.536029	-0.115413
0.0770079	0.467312	0.247355	0.1765	0.411034	0.140593
0.487117	0.471167	0.291961	0.468422	0.472852	0.0968464
0.310392	0.521303	-0.232277	0.417349	0.536029	-0.115413
0.174398	0.552807	0.536157	0.265352	0.547562	0.266795
0.497589	0.94723	0.433222	0.415638	0.654153	0.207369
0.497364	0.966117	-0.0625502	0.417349	0.536029	-0.115413
0.116929	0.544877	0.278064	0.214509	0.538969	0.125966
-0.0173608	0.354733	0.162723	0.1765	0.411034	0.140593
-0.118926	0.602381	0.1748	0.080913	0.648824	0.130565
0.419267	1.02662	0.00453914	0.417349	0.536029	-0.115413
0.0343624	0.312273	0.476409	0.148532	0.362398	0.221789
0.100955	0.726833	0.199255	0.217851	0.697827	0.135411
0.258374	-0.160118	0.077357	0.36064	0.270825	-0.0302095
-0.121507	0.85937	-0.193076	0.112531	0.664601	-0.168965
0.119532	0.451902	0.162104	0.316283	0.421859	0.0282103
0.0637639	0.826251	-0.461066	0.221368	0.628846	-0.239349
0.440049	0.466384	0.353667	0.445975	0.515999	0.20828
-0.22314	1.04505	0.251612	-0.0791676	0.936969	0.200408
0.372289	0.922729	-0.433814	0.390002	0.691111	-0.220041
0.244808	0.611357	0.52314	0.229021	0.601793	0.411026
0.0323742	0.674608	0.111046	0.080913	0.648824	0.130565
0.214611	0.513707	-0.199865	0.417349	0.536029	-0.115413
0.343196	0.0914505	-0.443919	0.379238	0.345179	-0.251619
-0.31306	0.787082	0.467182	-0.12592	0.715682	0.376551
0.214114	0.339493	-0.110639	0.417349	0.536029	-0.115413
-0.0107423	0.452774	0.311397	0.1765	0.411034	0.140593
0.221368	0.628846	-0.239349	0.417349	0.536029	-0.115413
0.432417	0.900806	-0.0435357	0.417349	0.536029	-0.115413
0.424257	0.0990402	-0.235531	0.417349	0.536029	-0.115413
-0.27928	0.773014	0.262664	-0.156867	0.667455	0.178768
0.365898	0.698603	-0.430922	0.373384	0.661729	-0.358114
0.212898	0.102961	0.0457926	0.283112	0.209588	0.0158318
-0.0239768	0.598089	0.268353	0.132889	0.629522	0.209627
0.334691	0.584536	0.353122	0.331104	0.566268	0.158339
0.155111	0.278903	0.1908	0.316283	0.421859	0.0282103
-0.00421361	0.361102	0.405295	0.148532	0.362398	0.221789
0.237432	0.320446	0.172386	0.316283	0.421859	0.0282103
0.157133	0.385174	-0.219261	0.320396	0.540728	-0.114665
0.155767	0.616369	0.380946	0.247993	0.591951	0.183863
-0.267552	0.924536	0.184119	-0.136696	0.890096	0.119048
0.384605	0.208977	0.263225	0.405012	0.451121	-0.0214347
0.356206	0.503556	0.38599	0.445975	0.515999	0.20828
-0.110073	0.963821	0.139616	0.0914052	0.803391	0.100491
-0.281994	1.0471	-0.257323	-0.240247	1.01266	-0.27496
-0.23312	0.912532	0.322553	-0.117843	0.889499	0.277175
0.0733627	0.619277	-0.431442	0.237866	0.603644	-0.295012
0.146651	0.646275	0.483827	0.299586	0.598508	0.259307
0.116607	0.345282	-0.39065	0.287288	0.398925	-0.285762
0.0778174	0.444189	0.459275	0.224623	0.480904	0.27501
-0.32733	0.781683	0.259046	-0.156867	0.667455	0.178768
0.416217	0.814426	-0.481757	0.377847	0.730501	-0.359409
0.412666	0.855439	-0.0740569	0.417349	0.536029	-0.115413
0.0451552	0.224518	0.452823	0.148532	0.362398	0.221789
0.0172351	0.757874	-0.248346	0.221368	0.628846	-0.239349
0.0247132	0.236808	0.368769	0.148532	0.362398	0.221789
0.48159	0.275166	-0.189226	0.417349	0.536029	-0.115413
0.27751	0.155912	-0.496604	0.379238	0.345179	-0.251619
0.409348	0.081333	-0.173854	0.417349	0.536029	-0.115413
0.212823	0.5666	-0.173787	0.417349	0.536029	-0.115413
0.0906709	0.350285	-0.197279	0.320396	0.540728	-0.114665
0.482717	0.112837	-0.394941	0.429247	0.231273	-0.286147
0.427597	0.985189	-0.440909	0.390002	0.691111	-0.220041
0.288798	0.471076	0.291032	0.36926	0.457226	0.0686953
0.25404	0.405653	0.240149	0.351793	0.473317	-0.00132096
0.00450891	0.285064	0.424162	0.148532	0.362398	0.221789
-0.317496	1.01692	0.205073	-0.136696	0.890096	0.119048
0.425618	0.516482	0.348127	0.445975	0.515999	0.20828
0.10052	0.660096	0.166251	0.192795	0.547571	0.0176756
-0.137565	0.778775	-0.102381	-0.104281	0.722254	-0.121616
0.132631	0.298155	-0.498939	0.287288	0.398925	-0.285762
0.471991	0.468681	0.0804186	0.417349	0.536029	-0.115413
0.331656	0.447516	-0.352989	0.417349	0.536029	-0.115413
-0.0574603	0.555373	0.308462	0.0915354	0.538923	0.233649
-0.0692214	0.435451	0.402799	0.105663	0.424888	0.227674
0.237145	0.70924	0.186981	0.369302	0.538845	-0.0708739
0.485164	0.158985	-0.470579	0.483078	0.356488	-0.262322
0.451524	0.11895	0.417895	0.408781	0.257039	0.287503
-0.285157	0.903371	0.229266	-0.137488	0.837567	0.178852
0.254833	0.352512	-0.420896	0.329233	0.459767	-0.273411
0.356651	0.600562	-0.297166	0.417349	0.536029	-0.115413
0.254116	0.481597	0.261255	0.351793	0.473317	-0.00132096
0.0526661	0.54032	-0.135494	0.212823	0.5666	-0.173787
-0.192298	0.822444	0.235415	-0.137488	0.837567	0.178852
0.329102	0.0775794	-0.0403544	0.417349	0.536029	-0.115413
0.1765	0.411034	0.140593	0.351793	0.473317	-0.00132096
0.384122	0.845369	-0.458076	0.377847	0.730501	-0.359409
0.379238	0.345179	-0.251619	0.417349	0.536029	-0.115413
0.170259	0.69791	-0.197753	0.246009	0.59338	-0.134962
0.294936	-0.071134	-0.204705	0.34705	0.324643	-0.13947
0.234934	0.369307	0.259709	0.351793	0.473317	-0.00132096
-0.175349	0.647287	-0.0217986	-0.104281	0.722254	-0.121616
0.139974	0.59395	0.0114516	0.369302	0.538845	-0.0708739
0.0575305	0.431557	-0.219472	0.214611	0.513707	-0.199865
0.270116	0.410543	-0.00550006	0.417349	0.536029	-0.115413
0.349266	0.948496	-0.383603	0.390002	0.691111	-0.220041
-0.327358	0.987727	0.00689964	-0.115394	0.7975	-0.113724
-0.132005	0.74154	-0.398942	0.00244397	0.646951	-0.285587
0.289926	0.953281	-0.0382054	0.417349	0.536029	-0.115413
0.449871	0.782105	0.452018	0.415638	0.654153	0.207369
0.35352	-0.163002	-0.0394924	0.423933	0.199572	-0.0895043
-0.095738	0.995166	0.180591	0.0914052	0.803391	0.100491
0.2856	0.760316	0.375893	0.401609	0.627077	0.0937501
0.409116	0.364537	0.365475	0.430965	0.450699	0.0601928
-0.250306	0.679351	0.353275	-0.0526838	0.662409	0.260572
-0.0969683	0.796381	0.434278	0.0888413	0.676262	0.263076
0.328895	0.838755	-0.0296826	0.417349	0.536029	-0.115413
0.153237	0.459567	0.331412	0.224623	0.480904	0.27501
0.168492	0.689804	0.490405	0.299586	0.598508	0.259307
0.475239	0.154797	0.506434	0.408781	0.257039	0.287503
0.0441862	0.292012	0.513934	0.148532	0.362398	0.221789
-0.0374993	0.624349	-0.222781	0.212823	0.5666	-0.173787
0.111149	0.192137	0.404875	0.237432	0.320446	0.172386
-0.348588	0.864105	0.383925	-0.159688	0.818422	0.314814
0.205982	0.232359	-0.0682101	0.417349	0.536029	-0.115413
0.198199	0.695342	0.233503	0.237145	0.70924	0.186981
0.0383198	0.855613	0.548961	0.0840571	0.794812	0.349633
0.169662	0.754649	0.151091	0.217851	0.697827	0.135411
-0.293751	0.770023	-0.0398621	-0.104281	0.722254	-0.121616
0.0631937	0.908413	-0.15483	0.27921	0.719312	-0.0911836
0.00143618	1.02135	0.38845	0.181381	0.883001	0.241178
0.430965	0.450699	0.0601928	0.417349	0.536029	-0.115413
-0.153559	0.903807	-0.21386	-0.00475104	0.815091	-0.16288
0.301864	0.40731	-0.403803	0.329233	0.459767	-0.273411
0.199593	0.206953	-0.373172	0.300251	0.394596	-0.236005
0.451057	0.0171652	-0.36745	0.429247	0.231273	-0.286147
0.0963671	0.881216	-0.395099	0.274041	0.780618	-0.269142
0.0814676	0.453231	0.116696	0.192795	0.547571	0.0176756
0.153304	0.572505	0.117888	0.325378	0.529741	-0.0718367
0.470713	0.20833	0.190771	0.405012	0.451121	-0.0214347
0.117502	0.428812	-0.346269	0.310392	0.521303	-0.232277
0.109291	0.40988	-0.411181	0.310392	0.521303	-0.232277
0.0538378	0.414463	0.421332	0.224623	0.480904	0.27501
0.397353	-0.317591	0.0624876	0.399683	0.163215	-0.00227617
0.329233	0.459767	-0.273411	0.417349	0.536029	-0.115413
0.156818	0.292884	0.0272824	0.270116	0.410543	-0.00550006
0.348564	0.30033	-0.490836	0.388731	0.509146	-0.236131
-0.091174	0.386855	-0.195881	0.0157698	0.434018	-0.198207
-0.212374	0.675767	-0.304822	0.0422135	0.619656	-0.236017
-0.0542691	1.02147	0.293879	0.0463474	0.913007	0.173281
0.27335	0.465668	-0.336705	0.417349	0.536029	-0.115413
0.369574	0.050292	0.36103	0.384605	0.208977	0.263225
-0.0952646	0.565588	0.107336	0.153304	0.572505	0.117888
0.364729	0.945359	0.528453	0.387281	0.886074	0.388454
-0.176552	0.745179	0.371067	0.0065381	0.666607	0.286466
0.241661	-0.0394124	0.191051	0.309107	0.122375	0.109692
-0.103605	0.901898	0.381976	0.095026	0.776128	0.235986
0.231301	-0.0426508	-0.421609	0.375551	0.326812	-0.262489
0.0422135	0.619656	-0.236017	0.212823	0.5666	-0.173787
-0.173874	0.833925	-0.24572	0.0172351	0.757874	-0.248346
0.136029	0.616017	-0.130106	0.246009	0.59338	-0.134962
0.337787	0.249635	0.40766	0.320452	0.411844	0.163839
0.217851	0.697827	0.135411	0.369302	0.538845	-0.0708739
0.0855359	0.0842032	0.483177	0.146153	0.156435	0.383074
-0.257498	0.830992	-0.166676	-0.104281	0.722254	-0.121616
0.48072	0.692284	0.245236	0.41249	0.624881	-0.00976995
0.44906	0.653289	-0.441019	0.449456	0.530976	-0.323944
0.478648	-0.376404	-0.197282	0.459692	0.0779748	-0.176515
0.181988	0.287638	0.410078	0.234934	0.369307	0.259709
-0.280419	0.796243	0.471977	-0.12592	0.715682	0.376551
-0.325028	0.740686	0.156431	-0.15214	0.678969	0.121543
-0.0956503	0.66276	-0.186551	0.136029	0.616017	-0.130106
0.443983	-0.0233538	-0.133756	0.417349	0.536029	-0.115413
0.338115	0.00756258	-0.264589	0.417349	0.536029	-0.115413
-0.216377	0.742141	0.439892	-0.12592	0.715682	0.376551
-0.107067	0.861458	-0.369943	0.0172351	0.757874	-0.248346
0.00399171	0.252979	0.308466	0.105665	0.316189	0.230462
-0.231377	0.913514	-0.376535	-0.0943038	0.796555	-0.305287
0.23109	0.748143	0.0105493	0.417349	0.536029	-0.115413
-0.137488	0.837567	0.178852	0.0914052	0.803391	0.100491
0.39784	0.442508	-0.36117	0.417349	0.536029	-0.115413
-0.163853	0.267168	0.52346	-0.0287912	0.335479	0.392998
-0.0928421	0.599577	0.442504	0.0876278	0.557448	0.305397
-0.2798	0.314398	-0.102134	-0.091174	0.386855	-0.195881
-0.104524	0.398372	-0.0224999	-0.135218	0.574122	-0.109267
0.215563	-0.616644	-0.0407653	0.293767	-0.267928	-0.0502075
-0.182297	0.0786337	0.546038	-0.062878	0.187131	0.376934
-0.275568	-0.632405	-0.112697	-0.151592	-0.376821	-0.200847
0.0520853	-0.396309	0.194335	0.123181	-0.308363	0.168286
0.426377	-0.265237	-0.356476	0.424257	0.0990402	-0.235531
-0.0591735	0.738705	0.402069	0.132889	0.629522	0.209627
-0.262396	0.280896	0.398297	-0.122943	0.327647	0.393308
-0.228942	0.0874186	-0.433796	-0.182742	0.208761	-0.470841
0.463353	0.89946	-0.26956	0.417349	0.536029	-0.115413
0.0808742	-0.914242	0.333021	0.118328	-0.777739	0.278986
0.203855	-0.0656573	0.153755	0.283112	0.209588	0.0158318
0.398777	0.466734	-0.385537	0.417349	0.536029	-0.115413
0.44336	0.099164	0.144388	0.426265	0.386909	-0.0307934
0.0728267	-0.392471	0.0866543	0.157184	-0.206797	0.0465591
-0.15566	-0.941823	0.100076	-0.0698325	-0.665717	0.108324
-0.267869	0.634431	-0.249425	-0.0374993	0.624349	-0.222781
0.154289	0.738466	0.508586	0.252493	0.649362	0.241474
0.419916	-0.09568	-0.30701	0.424257	0.0990402	-0.235531
0.138776	-0.607867	-0.0275192	0.161059	-0.4238	-0.055335
0.341851	-0.640278	0.397759	0.396575	-0.310103	0.277158
0.430149	-0.231476	-0.189019	0.425097	-0.187639	-0.190442
-0.193967	0.0425788	-0.00328015	-0.0466629	0.221583	-0.158838
-0.141301	-0.839135	0.494809	-0.0987608	-0.550432	0.377992
-0.1168	1.02546	-0.0423065	0.0111015	0.996112	-0.121926
-0.17012	-0.283917	-0.21815	0.0110705	-0.0388509	-0.154422
0.454837	-0.391457	-0.362094	0.424257	0.0990402	-0.235531
-0.132577	0.519142	0.221172	0.080913	0.648824	0.130565
-0.336241	0.241717	-0.152969	-0.142782	0.248221	-0.130758
0.325463	0.167609	0.298608	0.398768	0.35211	0.0709416
0.382664	0.697548	0.440694	0.415638	0.654153	0.207369
0.0242874	0.103161	0.27161	0.129638	0.217661	0.13562
-0.29252	0.0731041	0.484804	-0.062878	0.187131	0.376934
0.20583	-0.614379	0.51967	0.27086	-0.176694	0.350381
-0.304349	-0.675081	-0.434995	-0.17281	-0.540085	-0.376763
0.0768364	0.309812	-0.223651	0.157133	0.385174	-0.219261
-0.314386	0.682261	0.0569858	-0.104281	0.722254	-0.121616
-0.232233	-0.237029	-0.33181	-0.0957712	-0.141042	-0.316415
-0.318541	0.191673	-0.248878	-0.142782	0.248221	-0.130758
0.274041	0.780618	-0.269142	0.417349	0.536029	-0.115413
-0.0976828	-0.627242	0.47919	0.0982774	-0.295347	0.345077
-0.337241	0.645303	-0.0573561	-0.12479	0.610766	-0.157189
-0.0581633	0.98465	-0.108815	0.0631937	0.908413	-0.15483
-0.324232	0.867679	-0.0669212	-0.104281	0.722254	-0.121616
0.080913	0.648824	0.130565	0.192795	0.547571	0.0176756
0.340895	0.516962	0.0781202	0.417349	0.536029	-0.115413
0.0402385	-0.20914	-0.0166953	0.205982	0.232359	-0.0682101
0.317016	0.893184	0.448301	0.379644	0.705839	0.183626
0.248993	-0.910438	-0.394156	0.281808	-0.363976	-0.335191
0.247636	-0.373038	-0.183574	0.344949	-0.00789957	-0.177153
0.354947	-0.851076	-0.204445	0.397795	-0.252152	-0.138622
-0.300346	0.971277	0.204522	-0.136696	0.890096	0.119048
-0.257096	0.675195	-0.171626	-0.0956503	0.66276	-0.186551
-0.294025	-0.849201	0.0484599	-0.120515	-0.634625	0.0383689
-0.0417695	-0.768571	0.228161	0.0728267	-0.392471	0.0866543
0.0310635	0.166136	-0.128809	0.214114	0.339493	-0.110639
0.415638	0.654153	0.207369	0.417349	0.536029	-0.115413
0.270874	0.650272	-0.416792	0.356651	0.600562	-0.297166
0.310073	0.779371	-0.499321	0.3581	0.651999	-0.254946
0.0418541	-0.637655	-0.143448	0.169808	-0.292907	-0.151478
-0.274589	0.272756	0.0596051	-0.19799	0.317773	-0.042911
-0.224313	-0.233208	0.310205	-0.044472	-0.135369	0.229377
0.464772	0.709038	-0.455285	0.49308	0.680117	-0.433569
0.102217	-0.269704	0.237727	0.294509	0.0840028	0.0787183
0.291837	0.41127	0.459838	0.311441	0.438439	0.386331
-0.348352	0.238747	0.0739254	-0.142782	0.248221	-0.130758
0.444197	-0.791952	-0.321793	0.446488	-0.542326	-0.298245
0.251528	0.373791	0.501474	0.25404	0.405653	0.240149
0.112531	0.664601	-0.168965	0.246009	0.59338	-0.134962
-0.135218	0.574122	-0.109267	0.0526661	0.54032	-0.135494
0.13164	0.696565	0.487762	0.252493	0.649362	0.241474
0.466377	0.862123	-0.0954786	0.417349	0.536029	-0.115413
0.0654761	-0.267766	0.342441	0.241661	-0.0394124	0.191051
0.209927	0.628333	-0.0521825	0.417349	0.536029	-0.115413
-0.276764	-0.214628	0.315264	-0.168976	-0.10361	0.244884
0.0875317	-0.195968	0.291508	0.209258	0.154794	0.12786
0.00414216	-0.515636	-0.431119	0.153457	-0.19194	-0.293532
0.375551	0.326812	-0.262489	0.417349	0.536029	-0.115413
-0.311592	0.937398	-0.328932	-0.0943038	0.796555	-0.305287
0.447023	-0.0851161	-0.194305	0.417349	0.536029	-0.115413
0.428721	0.160878	0.219649	0.405012	0.451121	-0.0214347
0.129638	0.217661	0.13562	0.270116	0.410543	-0.00550006
0.118606	-0.198051	-0.00471423	0.244804	0.228948	-0.0266538
0.00783667	0.351768	0.371181	0.1765	0.411034	0.140593
0.491079	-0.903793	0.101488	0.468697	-0.630194	0.043178
-0.214301	0.426122	0.0990282	0.0015203	0.368632	0.128804
0.141381	0.730105	-0.39777	0.237866	0.603644	-0.295012
0.239806	-0.822562	0.0902225	0.324872	-0.347316	-0.0283973
0.0840571	0.794812	0.349633	0.174769	0.768281	0.220456
0.394576	0.263267	-0.389109	0.417349	0.536029	-0.115413
0.474896	-0.789098	-0.478344	0.454837	-0.391457	-0.362094
-0.17353	-0.68195	-0.130757	-0.020174	-0.32285	-0.185682
0.265602	0.335691	-0.487343	0.292661	0.409455	-0.360627
0.182986	-0.435787	-0.363876	0.281969	-0.12683	-0.26612
-0.065549	-0.94432	-0.0482187	0.0415688	-0.422342	-0.13164
0.369959	-0.00361835	0.372209	0.428721	0.160878	0.219649
0.309107	0.122375	0.109692	0.417349	0.536029	-0.115413
-0.187575	0.557355	0.428156	-0.0239768	0.598089	0.268353
-0.124359	0.456789	-0.308194	-0.0152637	0.51396	-0.219597
0.0967288	-0.779191	0.165601	0.185922	-0.473115	0.0960709
0.453516	0.38956	0.45057	0.445975	0.515999	0.20828
0.0670114	-0.270434	0.301704	0.203855	-0.0656573	0.153755
-0.134128	0.450321	-0.398727	-0.0786681	0.520276	-0.336718
0.0996723	0.250948	-0.193332	0.214114	0.339493	-0.110639
0.445516	-0.449444	0.0108727	0.462195	0.170939	-0.0835249
0.314351	0.444979	-0.42567	0.417349	0.536029	-0.115413
-0.30731	0.452237	0.113857	-0.194638	0.463009	0.0814263
0.174674	0.149393	0.471743	0.281551	0.316585	0.329799
-0.0698325	-0.665717	0.108324	0.0728267	-0.392471	0.0866543
0.0377888	-0.387025	-0.0225355	0.173871	-0.180657	0.00851187
-0.194749	-0.178089	-0.390182	-0.0957712	-0.141042	-0.316415
-0.265366	0.660144	-0.362822	-0.0314229	0.561339	-0.31885
-0.0526838	0.662409	0.260572	0.132889	0.629522	0.209627
0.119318	-0.118282	0.121871	0.283112	0.209588	0.0158318
0.495919	0.0243083	-0.338628	0.477451	0.359214	-0.169878
-0.221443	0.36996	0.268571	-0.0286242	0.38007	0.214895
0.346466	-0.577099	-0.0466607	0.324872	-0.347316	-0.0283973
0.148548	-0.629332	-0.288313	0.281969	-0.12683	-0.26612
0.380695	-0.699982	-0.411006	0.294264	-0.174245	-0.299086
0.410307	-0.249387	0.416773	0.405995	0.0219276	0.179993
0.14317	0.998935	-0.213135	0.335238	0.662284	-0.136846
0.498039	-0.135288	-0.413581	0.429247	0.231273	-0.286147
-0.0185971	-0.685059	0.286715	0.123181	-0.308363	0.168286
0.438471	-0.0726938	0.337075	0.428721	0.160878	0.219649
0.352271	-0.104469	0.0837951	0.399683	0.163215	-0.00227617
0.0520262	-0.34913	0.387042	0.0982774	-0.295347	0.345077
-0.327827	-0.489148	-0.15303	-0.197784	-0.185947	-0.174295
-0.320009	-0.715522	-0.255991	-0.151592	-0.376821	-0.200847
0.307723	-0.524221	0.262618	0.352271	-0.104469	0.0837951
-0.0309127	0.249682	0.513343	0.00450891	0.285064	0.424162
0.131478	-0.56756	-0.170304	0.169808	-0.292907	-0.151478
-0.116622	-0.281628	0.110699	0.0184953	-0.0669582	0.126225
0.239051	0.955167	0.138557	0.300379	0.781243	0.0424396
-0.336511	-0.467021	-0.0158164	-0.236776	-0.116181	-0.0691218
-0.246142	0.473937	-0.394291	-0.0786681	0.520276	-0.336718
-0.290562	0.0787292	-0.129319	-0.0466629	0.221583	-0.158838
-0.253904	-0.753071	-0.0307695	-0.193541	-0.653713	-0.0469886
0.417793	0.064113	0.540322	0.408781	0.257039	0.287503
0.170478	0.573882	-0.227086	0.417349	0.536029	-0.115413
0.377622	0.516265	0.348973	0.445975	0.515999	0.20828
-0.0260199	0.997987	-0.19387	0.0631937	0.908413	-0.15483
0.253719	-0.655235	0.109702	0.35352	-0.163002	-0.0394924
0.099563	-0.228782	0.211504	0.294509	0.0840028	0.0787183
-0.182234	0.546771	0.438129	-0.0574603	0.555373	0.308462
0.00309899	0.863465	-0.44601	0.141381	0.730105	-0.39777
0.152106	-0.0357587	0.50462	0.28313	0.151425	0.30887
0.282603	0.511339	-0.281511	0.417349	0.536029	-0.115413
-0.255788	0.774517	-0.194843	-0.0956503	0.66276	-0.186551
0.429247	0.231273	-0.286147	0.417349	0.536029	-0.115413
0.294509	0.0840028	0.0787183	0.417349	0.536029	-0.115413
0.351793	0.473317	-0.00132096	0.417349	0.536029	-0.115413
0.317971	0.857275	0.203704	0.332391	0.813302	0.144299
0.169778	0.619746	-0.310166	0.237866	0.603644	-0.295012
0.364563	0.733472	-0.152156	0.417349	0.536029	-0.115413
0.0317206	-0.758	0.320571	0.123181	-0.308363	0.168286
0.266757	0.546968	0.365541	0.331104	0.566268	0.158339
0.387281	0.886074	0.388454	0.379644	0.705839	0.183626
-0.119393	-0.775252	0.165489	0.0728267	-0.392471	0.0866543
-0.287484	0.356679	-0.298024	-0.0654247	0.488867	-0.209752
0.333736	-0.796689	-0.334204	0.426095	-0.512938	-0.290918
-0.249169	0.0288677	-0.459131	0.00766799	0.133221	-0.3487
0.450723	0.750315	-0.317548	0.417349	0.536029	-0.115413
0.28313	0.151425	0.30887	0.398768	0.35211	0.0709416
0.355049	1.0074	0.259042	0.380472	0.779224	0.0532714
0.355233	-0.52471	0.4008	0.396575	-0.310103	0.277158
0.0184953	-0.0669582	0.126225	0.209258	0.154794	0.12786
0.139605	-0.88015	-0.292915	0.196053	-0.669941	-0.25951
-0.119725	-0.496652	-0.219025	0.0683697	-0.143782	-0.207793
-0.0817241	0.836381	0.547186	0.0302515	0.745709	0.35462
0.192746	0.781576	0.223408	0.217851	0.697827	0.135411
-0.0957712	-0.141042	-0.316415	0.153842	0.134173	-0.254013
0.153457	-0.19194	-0.293532	0.234244	0.209744	-0.223298
0.481183	0.388759	-0.0824708	0.417349	0.536029	-0.115413
0.300379	0.781243	0.0424396	0.417349	0.536029	-0.115413
0.304685	-0.426499	0.549773	0.304185	-0.279498	0.42386
-0.0048	-0.151396	-0.0841437	0.193456	0.0770998	-0.124734
0.336205	0.910391	0.400075	0.379644	0.705839	0.183626
-0.0668725	-0.407061	-0.179969	-0.020174	-0.32285	-0.185682
-0.326736	-0.332867	0.502958	-0.103919	-0.117678	0.437027
0.0416515	0.0782559	0.210226	0.129638	0.217661	0.13562
-0.328394	1.00745	-0.143837	-0.121507	0.85937	-0.193076
0.252493	0.649362	0.241474	0.369302	0.538845	-0.0708739
0.332391	0.813302	0.144299	0.417349	0.536029	-0.115413
0.162686	0.0855697	-0.277179	0.234244	0.209744	-0.223298
0.382219	0.257312	0.544671	0.409116	0.364537	0.365475
0.0482715	0.129556	-0.117881	0.214114	0.339493	-0.110639
0.209258	0.154794	0.12786	0.405012	0.451121	-0.0214347
0.467505	-0.248574	-0.00201916	0.423933	0.199572	-0.0895043
0.324478	-0.391947	-0.179309	0.344949	-0.00789957	-0.177153
0.104556	-0.275236	0.0939638	0.157184	-0.206797	0.0465591
-0.19799	0.317773	-0.042911	0.0157698	0.434018	-0.198207
0.429408	-0.764081	-0.169095	0.397795	-0.252152	-0.138622
-0.0410776	-0.146949	0.451092	-0.0338559	-0.117979	0.390093
0.426095	-0.512938	-0.290918	0.430904	-0.125428	-0.19437
-0.295768	0.311802	0.278235	-0.0566724	0.294328	0.200555
0.488287	0.583367	-0.0875976	0.417349	0.536029	-0.115413
-0.17877	-0.701846	0.35071	-0.0721947	-0.584871	0.225584
-0.289138	-0.611627	0.23031	-0.133284	-0.324016	0.210209
0.449456	0.530976	-0.323944	0.417349	0.536029	-0.115413
0.247268	-0.688534	-0.228752	0.349683	-0.29404	-0.144502
0.109247	-0.708877	-0.126471	0.169808	-0.292907	-0.151478
0.237027	-0.129186	-0.226672	0.34705	0.324643	-0.13947
-0.194638	0.463009	0.0814263	-0.0952646	0.565588	0.107336
0.148898	-0.0320699	-0.0283261	0.244804	0.228948	-0.0266538
0.383721	-0.252839	0.392614	0.3802	-0.017676	0.217514
0.195573	0.216923	-0.420602	0.300251	0.394596	-0.236005
0.460702	-0.719885	0.324767	0.389143	-0.255394	0.112049
0.0139648	0.105718	-0.364372	0.153842	0.134173	-0.254013
0.167682	0.869853	-0.364326	0.274041	0.780618	-0.269142
-0.341364	0.856364	-0.250706	-0.0956503	0.66276	-0.186551
0.252921	-0.758321	-0.33014	0.281969	-0.12683	-0.26612
0.247613	0.464704	0.391818	0.288798	0.471076	0.291032
-0.139839	-0.740147	0.0333697	0.0377888	-0.387025	-0.0225355
-0.256283	0.249973	0.124728	-0.0173608	0.354733	0.162723
0.299586	0.598508	0.259307	0.331104	0.566268	0.158339
0.0476748	-0.3674	-0.268087	0.250156	0.059118	-0.147521
0.148532	0.362398	0.221789	0.351793	0.473317	-0.00132096
0.174624	1.05091	0.0520283	0.261794	0.764044	-0.0193553
-0.344274	0.834786	0.359709	-0.159688	0.818422	0.314814
0.335434	-0.79784	0.129163	0.397353	-0.317591	0.0624876
-0.020174	-0.32285	-0.185682	0.189201	0.118791	-0.189152
0.161459	-0.266892	-0.494429	0.244575	0.181365	-0.262673
0.351047	0.794902	-0.35685	0.417349	0.536029	-0.115413
0.0600278	0.0546037	-0.138126	0.214114	0.339493	-0.110639
0.189201	0.118791	-0.189152	0.417349	0.536029	-0.115413
0.206726	-0.625954	0.425147	0.281095	-0.276142	0.204194
-0.258254	0.465499	0.517699	-0.0692214	0.435451	0.402799
0.34305	-0.510282	0.141358	0.389143	-0.255394	0.112049
0.297367	-0.349867	-0.291429	0.338115	0.00756258	-0.264589
0.475246	-0.36147	-0.0607833	0.423933	0.199572	-0.0895043
0.0133541	0.150778	0.325152	0.155111	0.278903	0.1908
-0.315086	-0.310583	-0.398543	-0.0957712	-0.141042	-0.316415
-0.0357432	0.634779	0.212847	0.080913	0.648824	0.130565
0.471752	-0.8519	-0.14074	0.397795	-0.252152	-0.138622
-0.0338559	-0.117979	0.390093	0.180758	0.109182	0.243929
0.0356783	0.874877	0.528306	0.174769	0.768281	0.220456
0.0642189	-0.232842	0.0746112	0.212898	0.102961	0.0457926
0.430904	-0.125428	-0.19437	0.417349	0.536029	-0.115413
-0.345075	0.612094	-0.444448	-0.265366	0.660144	-0.362822
0.281551	0.316585	0.329799	0.353095	0.44376	0.0770828
-0.154152	0.428155	0.0707883	-0.0173608	0.354733	0.162723
0.0976939	-0.112445	-0.0944156	0.23904	0.221066	-0.142463
0.281095	-0.276142	0.204194	0.294509	0.0840028	0.0787183
0.187451	0.0408518	-0.0782426	0.34705	0.324643	-0.13947
0.0775324	0.787989	0.124906	0.225883	0.68678	-0.0329376
0.120227	-0.0856424	0.463922	0.180758	0.109182	0.243929
0.453403	-0.437141	0.514669	0.454233	-0.110827	0.270497
0.185922	-0.473115	0.0960709	0.33475	0.0962749	-0.0429907
-0.224557	-0.422353	0.459605	-0.109817	-0.30446	0.390961
0.451639	-0.456116	-0.225717	0.425097	-0.187639	-0.190442
-0.120515	-0.634625	0.0383689	0.0377888	-0.387025	-0.0225355
-0.280511	0.48276	0.238233	-0.20506	0.459171	0.265785
0.364436	-0.411537	0.322963	0.396575	-0.310103	0.277158
0.18184	0.664418	-0.385076	0.237866	0.603644	-0.295012
0.0208564	0.40587	-0.364929	0.214611	0.513707	-0.199865
-0.200789	0.954431	0.497148	-0.16344	0.935911	0.448938
-0.334729	-0.152429	0.137552	-0.248526	-0.0379386	0.0473818
0.477451	0.359214	-0.169878	0.417349	0.536029	-0.115413
-0.335667	0.355132	0.00714264	-0.19799	0.317773	-0.042911
-0.274223	0.548458	-0.287081	-0.0654247	0.488867	-0.209752
0.0246698	0.670669	0.207285	0.192795	0.547571	0.0176756
0.0296291	0.889763	-0.302937	0.141528	0.829706	-0.246837
0.0422572	0.398361	-0.248397	0.214611	0.513707	-0.199865
-0.240247	1.01266	-0.27496	-0.0304875	0.862143	-0.242805
0.266136	-0.589488	-0.301714	0.281969	-0.12683	-0.26612
0.119862	-0.264708	-0.22662	0.250156	0.059118	-0.147521
0.281808	-0.363976	-0.335191	0.294264	-0.174245	-0.299086
-0.348267	0.714139	-0.45542	-0.212374	0.675767	-0.304822
0.416933	-0.389108	0.505582	0.454233	-0.110827	0.270497
0.447122	0.110247	0.473936	0.408781	0.257039	0.287503
0.405995	0.0219276	0.179993	0.426265	0.386909	-0.0307934
-0.1414	0.947213	0.543861	-0.107917	0.934771	0.515689
0.238229	-0.898453	0.534367	0.364436	-0.411537	0.322963
0.330113	-0.898089	-0.151281	0.349683	-0.29404	-0.144502
0.361131	0.9081	-0.0768646	0.417349	0.536029	-0.115413
-0.307861	-0.742394	-0.319924	-0.075089	-0.358061	-0.22234
0.0413403	-0.72021	0.349524	0.206567	-0.144395	0.227509
0.118328	-0.777739	0.278986	0.185922	-0.473115	0.0960709
0.287024	-0.88878	-0.397262	0.281808	-0.363976	-0.335191
-0.312509	-0.389641	0.512629	-0.15449	-0.236279	0.366594
0.106216	0.358578	-0.450088	0.24926	0.417362	-0.340925
0.433485	-0.930934	0.176635	0.389143	-0.255394	0.112049
0.498845	0.355754	0.0800465	0.417349	0.536029	-0.115413
-0.267727	0.909389	0.436255	-0.101491	0.761259	0.292804
0.350635	-0.486471	0.511602	0.383721	-0.252839	0.392614
0.489583	-0.222924	0.327162	0.454233	-0.110827	0.270497
-0.325579	-0.814772	0.117715	-0.265681	-0.658456	0.124472
-0.302863	0.337866	0.454695	-0.122943	0.327647	0.393308
0.287116	-0.680475	0.341167	0.389143	-0.255394	0.112049
0.181381	0.883001	0.241178	0.31965	0.725655	0.0448286
0.197398	-0.141621	0.0316492	0.318953	0.213601	0.00270844
-0.0471992	-0.765198	0.144865	0.0728267	-0.392471	0.0866543
0.263982	0.373153	0.469089	0.25404	0.405653	0.240149
0.242543	0.907618	0.447961	0.379644	0.705839	0.183626
0.387125	-0.59802	-0.215487	0.425097	-0.187639	-0.190442
-0.0987608	-0.550432	0.377992	0.099563	-0.228782	0.211504
0.00970516	0.409744	0.508111	0.153237	0.459567	0.331412
0.0822861	-0.732962	0.52188	0.102969	-0.630579	0.497482
-0.164696	-0.758726	-0.180351	0.0415688	-0.422342	-0.13164
0.0849517	-0.550278	-0.370109	0.281969	-0.12683	-0.26612
-0.0852915	0.835556	0.530173	0.0302515	0.745709	0.35462
0.0157698	0.434018	-0.198207	0.320396	0.540728	-0.114665
0.27212	-0.908794	0.164781	0.324872	-0.347316	-0.0283973
0.289143	0.313507	-0.47446	0.329233	0.459767	-0.273411
0.478799	-0.0783602	0.371018	0.428721	0.160878	0.219649
0.0914052	0.803391	0.100491	0.23109	0.748143	0.0105493
0.135079	1.0248	0.415727	0.181381	0.883001	0.241178
-0.339063	0.387309	0.46015	-0.122943	0.327647	0.393308
0.410514	-0.587901	-0.195255	0.425097	-0.187639	-0.190442
-0.0892865	-0.66219	0.240955	0.104556	-0.275236	0.0939638
-0.179547	0.437069	-0.290251	-0.0654247	0.488867	-0.209752
0.220024	0.360254	0.424894	0.353095	0.44376	0.0770828
-0.0198666	0.267442	0.232657	0.191873	0.380081	0.133114
-0.183653	-0.557902	0.528927	-0.0292224	-0.265379	0.361774
0.124697	-0.4342	0.31522	0.206567	-0.144395	0.227509
0.405012	0.451121	-0.0214347	0.417349	0.536029	-0.115413
-0.0793854	0.966465	0.495935	0.0840571	0.794812	0.349633
-0.318464	0.220915	-0.377922	-0.161636	0.26261	-0.340207
0.0323647	0.0618586	0.117717	0.129638	0.217661	0.13562
-0.317392	-0.309885	-0.389264	-0.0957712	-0.141042	-0.316415
-0.310602	-0.583184	0.0553601	-0.222304	-0.499049	0.00970864
0.000358568	0.487214	-0.204033	0.214611	0.513707	-0.199865
0.446488	-0.542326	-0.298245	0.465495	-0.0903827	-0.222349
0.123181	-0.308363	0.168286	0.294509	0.0840028	0.0787183
0.280236	0.0664707	0.20299	0.405012	0.451121	-0.0214347
-0.0663223	-0.168824	0.0986487	0.0184953	-0.0669582	0.126225
-0.317192	-0.066269	0.372529	-0.106165	0.208413	0.235913
-0.28248	0.107825	-0.0275665	-0.0466629	0.221583	-0.158838
-0.192195	0.0157581	0.115699	0.0373545	0.242962	0.178552
-0.233984	0.204903	-0.068027	-0.142782	0.248221	-0.130758
0.0446161	-0.455388	0.541594	0.0982774	-0.295347	0.345077
0.08704	-0.769719	0.165054	0.185922	-0.473115	0.0960709
0.399683	0.163215	-0.00227617	0.417349	0.536029	-0.115413
0.339883	0.98496	-0.100769	0.417349	0.536029	-0.115413
-0.250117	-0.750444	0.355577	-0.191665	-0.5881	0.294956
0.455465	0.52982	-0.0719856	0.417349	0.536029	-0.115413
0.425097	-0.187639	-0.190442	0.417349	0.536029	-0.115413
-0.310918	0.778372	0.50703	-0.12592	0.715682	0.376551
0.418708	-0.599378	0.438233	0.396575	-0.310103	0.277158
-0.0697065	-0.109078	-0.449268	0.153842	0.134173	-0.254013
-0.216566	-0.232463	0.205113	0.0184953	-0.0669582	0.126225
0.102969	-0.630579	0.497482	0.206567	-0.144395	0.227509
0.150169	-0.761572	0.162971	0.185922	-0.473115	0.0960709
0.386679	0.182595	-0.426972	0.417349	0.536029	-0.115413
-0.044472	-0.135369	0.229377	0.209258	0.154794	0.12786
-0.0454385	-0.723583	-0.32346	0.119862	-0.264708	-0.22662
0.0889281	-0.276254	-0.463407	0.17264	-0.00717798	-0.363271
0.234855	-0.818083	0.410133	0.281095	-0.276142	0.204194
0.290868	0.739869	-0.353223	0.417349	0.536029	-0.115413
-0.297623	-0.194253	0.103621	-0.193967	0.0425788	-0.00328015
-0.181	0.494636	-0.319198	-0.0152637	0.51396	-0.219597
-0.294393	-0.312442	0.154438	-0.195284	-0.123202	0.156412
0.0982009	0.173633	0.49157	0.234934	0.369307	0.259709
-0.215024	-0.198	0.257218	0.0373545	0.242962	0.178552
-0.100303	0.10302	0.0327331	-0.142782	0.248221	-0.130758
0.309109	-0.682688	-0.499803	0.282556	-0.408902	-0.410759
-0.119994	-0.611301	0.383664	0.0892848	-0.198837	0.157601
0.0465351	0.181648	0.48066	0.148532	0.362398	0.221789
0.206567	-0.144395	0.227509	0.309107	0.122375	0.109692
-0.00739541	0.149693	0.405629	0.155111	0.278903	0.1908
0.292661	0.409455	-0.360627	0.417349	0.536029	-0.115413
-0.192242	-0.503041	0.0639969	-0.0048	-0.151396	-0.0841437
0.371217	-0.521816	-0.11325	0.397795	-0.252152	-0.138622
-0.016467	0.0643903	0.407984	0.105665	0.316189	0.230462
0.468697	-0.630194	0.043178	0.467505	-0.248574	-0.00201916
0.0257125	-0.921767	0.0301976	0.0537046	-0.725958	0.0135558
-0.213319	0.839188	-0.448565	-0.129666	0.732957	-0.352337
-0.211595	-0.467266	0.291415	-0.133284	-0.324016	0.210209
0.374159	0.712047	0.351893	0.401609	0.627077	0.0937501
0.388731	0.509146	-0.236131	0.417349	0.536029	-0.115413
0.0373545	0.242962	0.178552	0.316283	0.421859	0.0282103
-0.34203	-0.611708	0.0992751	-0.17894	-0.438769	0.00923765
0.250156	0.059118	-0.147521	0.417349	0.536029	-0.115413
-0.055149	-0.254793	-0.0210753	-0.0048	-0.151396	-0.0841437
-0.226227	-0.924299	-0.050597	-0.0668725	-0.407061	-0.179969
-0.248526	-0.0379386	0.0473818	-0.0466629	0.221583	-0.158838
0.20459	-0.357144	-0.205096	0.289537	0.0628155	-0.182795
-0.00161817	0.935913	0.547865	0.174769	0.768281	0.220456
-0.263869	0.169979	-0.17512	-0.142782	0.248221	-0.130758
-0.237005	0.26188	0.531961	-0.122943	0.327647	0.393308
0.0128072	-0.798141	-0.0660214	0.161059	-0.4238	-0.055335
0.214235	-0.479359	-0.0313496	0.33475	0.0962749	-0.0429907
-0.216745	0.81038	-0.183083	-0.0956503	0.66276	-0.186551
-0.0657947	-0.892822	-0.123055	0.0418541	-0.637655	-0.143448
0.12274	0.864551	-0.289218	0.141528	0.829706	-0.246837
-0.214497	-0.468548	-0.473396	-0.0957712	-0.141042	-0.316415
-0.0499028	-0.381846	-0.010924	0.0976939	-0.112445	-0.0944156
-0.024861	0.426804	-0.24573	0.214611	0.513707	-0.199865
0.459988	-0.294541	-0.176353	0.443983	-0.0233538	-0.133756
0.0999788	0.18893	0.516744	0.234934	0.369307	0.259709
0.363677	0.985021	0.240751	0.380472	0.779224	0.0532714
-0.0484939	-0.66026	0.300648	0.0520853	-0.396309	0.194335
0.373009	0.936771	0.032521	0.417349	0.536029	-0.115413
-0.247005	-0.632801	0.363135	-0.191665	-0.5881	0.294956
0.2159	-0.598519	0.316608	0.281095	-0.276142	0.204194
0.462195	0.170939	-0.0835249	0.417349	0.536029	-0.115413
0.155728	-0.502177	0.346244	0.206567	-0.144395	0.227509
-0.0437891	0.918979	0.519	0.174769	0.768281	0.220456
0.293767	-0.267928	-0.0502075	0.321468	0.073425	-0.0982181
0.161059	-0.4238	-0.055335	0.33475	0.0962749	-0.0429907
0.348422	0.93702	0.223561	0.417349	0.536029	-0.115413
-0.17894	-0.438769	0.00923765	-0.0048	-0.151396	-0.0841437
0.316283	0.421859	0.0282103	0.417349	0.536029	-0.115413
0.484447	-0.860462	0.266532	0.389143	-0.255394	0.112049
0.172365	-0.187568	-0.0230428	0.295874	0.151808	-0.100493
-0.0642621	0.233171	0.245105	0.0373545	0.242962	0.178552
-0.104281	0.722254	-0.121616	0.136029	0.616017	-0.130106
0.153842	0.134173	-0.254013	0.417349	0.536029	-0.115413
-0.283833	-0.939243	0.132131	-0.120515	-0.634625	0.0383689
-0.0786681	0.520276	-0.336718	0.170478	0.573882	-0.227086
0.234022	-0.541154	0.318059	0.281095	-0.276142	0.204194
0.133664	1.0149	0.151835	0.300379	0.781243	0.0424396
0.194345	0.597487	-0.0630499	0.417349	0.536029	-0.115413
0.213357	-0.397954	0.341825	0.241661	-0.0394124	0.191051
0.320396	0.540728	-0.114665	0.417349	0.536029	-0.115413
0.291384	-0.251148	-0.208073	0.344949	-0.00789957	-0.177153
-0.10036	-0.697056	-0.45146	0.0476748	-0.3674	-0.268087
0.105665	0.316189	0.230462	0.316283	0.421859	0.0282103
-0.120566	-0.056804	0.0408095	0.148898	-0.0320699	-0.0283261
0.100577	-0.195008	0.296021	0.294509	0.0840028	0.0787183
-0.161543	-0.632684	0.162912	0.0728267	-0.392471	0.0866543
-0.17281	-0.540085	-0.376763	-0.0130935	-0.184887	-0.231188
0.0725647	0.280543	0.474881	0.234934	0.369307	0.259709
0.100529	-0.0803216	0.526465	0.180758	0.109182	0.243929
-0.0138485	-0.77125	0.417492	0.124697	-0.4342	0.31522
-0.160712	-0.485847	-0.465085	0.10233	-0.00517545	-0.388556
0.0688776	-0.246663	-0.0160497	0.205982	0.232359	-0.0682101
-0.191665	-0.5881	0.294956	0.0892848	-0.198837	0.157601
-0.291332	0.565345	-0.220943	-0.0654247	0.488867	-0.209752
-0.164207	-0.695699	0.276242	-0.0721947	-0.584871	0.225584
0.459692	0.0779748	-0.176515	0.417349	0.536029	-0.115413
0.150644	-0.569636	-0.487053	0.282651	-0.138277	-0.312087
-0.196813	0.952839	0.246244	0.0775324	0.787989	0.124906
-0.0567011	-0.741631	0.515382	0.0982774	-0.295347	0.345077
0.377847	0.730501	-0.359409	0.417349	0.536029	-0.115413
0.397466	0.196508	-0.319193	0.417349	0.536029	-0.115413
-0.20506	0.459171	0.265785	-0.0286242	0.38007	0.214895
0.00936263	0.0327306	-0.178468	0.214114	0.339493	-0.110639
0.185313	0.104882	-0.377619	0.300251	0.394596	-0.236005
0.170575	-0.0874273	0.392628	0.272396	0.170894	0.167887
-0.075089	-0.358061	-0.22234	0.0683697	-0.143782	-0.207793
-0.147291	-0.344428	-0.118421	0.000894011	0.107428	-0.125432
0.369302	0.538845	-0.0708739	0.417349	0.536029	-0.115413
-0.12592	0.715682	0.376551	0.132889	0.629522	0.209627
-0.12332	0.974473	0.0120616	-0.115394	0.7975	-0.113724
0.3875	-0.0621839	0.525712	0.384605	0.208977	0.263225
-0.168976	-0.10361	0.244884	0.0373545	0.242962	0.178552
0.468372	-0.570026	0.28456	0.440709	-0.390129	0.26531
-0.268365	-0.41474	0.332186	-0.044472	-0.135369	0.229377
-0.235116	0.221253	-0.482756	-0.182742	0.208761	-0.470841
0.493213	0.853247	-0.196885	0.417349	0.536029	-0.115413
0.124051	0.96052	-0.41162	0.274041	0.780618	-0.269142
0.423933	0.199572	-0.0895043	0.417349	0.536029	-0.115413
0.389143	-0.255394	0.112049	0.399683	0.163215	-0.00227617
0.0900607	0.0735489	0.546782	0.181122	0.188175	0.350141
-0.332415	-0.414598	-0.0823578	-0.197784	-0.185947	-0.174295
-0.152006	0.975497	0.187876	0.0914052	0.803391	0.100491
0.433081	0.960371	-0.23899	0.417349	0.536029	-0.115413
0.229021	0.601793	0.411026	0.331104	0.566268	0.158339
0.453463	-0.540372	-0.351618	0.465495	-0.0903827	-0.222349
-0.156867	0.667455	0.178768	0.080913	0.648824	0.130565
0.359364	0.223724	-0.457933	0.417349	0.536029	-0.115413
-0.142782	0.248221	-0.130758	0.0903406	0.351112	-0.10385
-0.343579	-0.136695	0.326667	-0.0642621	0.233171	0.245105
-0.197784	-0.185947	-0.174295	0.000894011	0.107428	-0.125432
-0.309762	0.864863	-0.248389	-0.0956503	0.66276	-0.186551
0.0946108	0.688409	0.547898	0.13164	0.696565	0.487762
0.0836682	0.465627	0.274259	0.316283	0.421859	0.0282103
0.401609	0.627077	0.0937501	0.417349	0.536029	-0.115413
-0.161636	0.26261	-0.340207	0.0422572	0.398361	-0.248397
0.488601	0.428401	-0.0890556	0.417349	0.536029	-0.115413
0.376516	0.760322	0.120619	0.417349	0.536029	-0.115413
-0.0641189	0.471221	0.486016	0.153237	0.459567	0.331412
-0.329093	0.00430647	-0.188444	-0.0466629	0.221583	-0.158838
0.0529309	-0.808004	0.369516	0.124697	-0.4342	0.31522
-0.275095	-0.464294	-0.362379	-0.0957712	-0.141042	-0.316415
-0.255429	-0.428278	0.0494162	-0.00517439	-0.0107691	-0.172982
0.430464	-0.6055	-0.487454	0.419916	-0.09568	-0.30701
-0.195284	-0.123202	0.156412	0.0373545	0.242962	0.178552
0.428621	0.573072	0.196257	0.417349	0.536029	-0.115413
0.3581	0.651999	-0.254946	0.417349	0.536029	-0.115413
-0.227277	0.355669	-0.362247	0.0422572	0.398361	-0.248397
-0.151795	0.334462	0.0444738	-0.091174	0.386855	-0.195881
-0.00517439	-0.0107691	-0.172982	0.205982	0.232359	-0.0682101
0.353095	0.44376	0.0770828	0.417349	0.536029	-0.115413
0.483711	0.267374	-0.0949279	0.417349	0.536029	-0.115413
-0.274769	0.0726368	0.525655	-0.00739541	0.149693	0.405629
0.294264	-0.174245	-0.299086	0.417349	0.536029	-0.115413
0.203432	0.975177	0.273631	0.31965	0.725655	0.0448286
0.465495	-0.0903827	-0.222349	0.417349	0.536029	-0.115413
-0.224208	-0.744812	-0.413699	-0.0130935	-0.184887	-0.231188
-0.340997	0.277031	0.223653	-0.0642621	0.233171	0.245105
-0.203449	-0.535193	0.456558	-0.0292224	-0.265379	0.361774
0.306053	0.57514	0.368495	0.331104	0.566268	0.158339
-0.275124	-0.621672	0.106488	-0.192242	-0.503041	0.0639969
-0.267334	-0.129938	0.388307	-0.114946	-0.0805932	0.409249
-0.245199	0.62044	0.437943	-0.106609	0.608458	0.31698
0.0110705	-0.0388509	-0.154422	0.205982	0.232359	-0.0682101
0.10233	-0.00517545	-0.388556	0.244575	0.181365	-0.262673
-0.0721947	-0.584871	0.225584	0.157184	-0.206797	0.0465591
0.0652277	-0.16185	0.352803	0.180758	0.109182	0.243929
-0.00521111	0.607793	-0.356423	0.170478	0.573882	-0.227086
0.0276639	-0.781419	0.379726	0.124697	-0.4342	0.31522
0.158047	-0.450414	-0.0807263	0.33475	0.0962749	-0.0429907
0.290259	0.514712	0.218455	0.417349	0.536029	-0.115413
0.180465	0.956546	0.540356	0.379644	0.705839	0.183626
-0.0701309	0.17824	0.522598	0.105665	0.316189	0.230462
0.484705	-0.503454	0.232757	0.43516	0.0355093	0.128078
-0.103919	-0.117678	0.437027	0.180758	0.109182	0.243929
0.319428	0.80891	-0.284951	0.417349	0.536029	-0.115413
0.172286	0.400621	0.379881	0.25404	0.405653	0.240149
0.239721	-0.349855	-0.413802	0.282651	-0.138277	-0.312087
0.358488	-0.0727829	0.509303	0.384605	0.208977	0.263225
0.089304	0.481674	0.388596	0.353095	0.44376	0.0770828
0.311441	0.438439	0.386331	0.353095	0.44376	0.0770828
-0.0196092	-0.915209	-0.365083	0.0849517	-0.550278	-0.370109
-0.0606207	-0.397447	-0.190781	0.0683697	-0.143782	-0.207793
0.335238	0.662284	-0.136846	0.417349	0.536029	-0.115413
0.105663	0.424888	0.227674	0.1765	0.411034	0.140593
-0.176681	-0.214142	0.0259272	0.0600278	0.0546037	-0.138126
-0.0314229	0.561339	-0.31885	0.170478	0.573882	-0.227086
0.381383	-0.705622	0.466521	0.396575	-0.310103	0.277158
0.263633	-0.719299	0.402975	0.281095	-0.276142	0.204194
-0.331647	-0.944691	-0.167769	-0.0606207	-0.397447	-0.190781
0.224623	0.480904	0.27501	0.351793	0.473317	-0.00132096
0.27921	0.719312	-0.0911836	0.417349	0.536029	-0.115413
0.0491442	0.948364	-0.450231	0.3581	0.651999	-0.254946
-0.249225	0.357337	0.0599558	-0.0173608	0.354733	0.162723
-0.0787315	-0.565086	-0.216803	0.0683697	-0.143782	-0.207793
0.169808	-0.292907	-0.151478	0.250156	0.059118	-0.147521
0.187825	-0.443522	0.37018	0.241661	-0.0394124	0.191051
-0.344194	-0.828074	0.0389765	-0.117508	-0.415862	0.00553652
-0.254321	0.137097	-0.355234	0.0260205	0.207859	-0.235943
-0.106165	0.208413	0.235913	0.0373545	0.242962	0.178552
0.397795	-0.252152	-0.138622	0.417349	0.536029	-0.115413
0.401767	-0.265751	0.482426	0.405995	0.0219276	0.179993
-0.0991089	0.0801408	-0.216195	0.0260205	0.207859	-0.235943
0.0415688	-0.422342	-0.13164	0.250156	0.059118	-0.147521
0.38346	0.926689	0.338941	0.417349	0.536029	-0.115413
-0.286064	0.0583105	0.242326	-0.0642621	0.233171	0.245105
-0.186757	-0.318735	0.527697	-0.0338559	-0.117979	0.390093
0.0892848	-0.198837	0.157601	0.388404	0.307901	-0.0136156
0.468726	-0.0739239	0.438744	0.428721	0.160878	0.219649
-0.15449	-0.236279	0.366594	0.180758	0.109182	0.243929
-0.344227	-0.130822	-0.0738663	0.000894011	0.107428	-0.125432
0.352169	0.38044	0.545083	0.445975	0.515999	0.20828
-0.136696	0.890096	0.119048	0.0914052	0.803391	0.100491
-0.0736636	0.155508	0.375851	0.105665	0.316189	0.230462
0.0186267	-0.765146	0.126764	0.173871	-0.180657	0.00851187
0.448103	-0.244726	0.427066	0.454233	-0.110827	0.270497
0.445975	0.515999	0.20828	0.417349	0.536029	-0.115413
-0.28108	-0.811702	0.080279	-0.0499028	-0.381846	-0.010924
0.454233	-0.110827	0.270497	0.417349	0.536029	-0.115413
0.281969	-0.12683	-0.26612	0.417349	0.536029	-0.115413
0.282651	-0.138277	-0.312087	0.417349	0.536029	-0.115413
-0.0381673	0.562317	0.104179	0.153304	0.572505	0.117888
0.0408175	-0.474999	0.47197	0.0982774	-0.295347	0.345077
-0.0414307	0.668398	0.435751	0.132889	0.629522	0.209627
-0.0304875	0.862143	-0.242805	0.335238	0.662284	-0.136846
0.176072	-0.532661	-0.239856	0.250156	0.059118	-0.147521
0.213609	-0.705421	-0.498365	0.282556	-0.408902	-0.410759
0.201479	0.689025	0.399041	0.252493	0.649362	0.241474
-0.343207	0.0721543	-0.360265	0.0260205	0.207859	-0.235943
-0.345141	-0.861526	-0.287749	-0.075089	-0.358061	-0.22234
0.201598	0.258866	0.549156	0.267476	0.329568	0.383516
0.0903406	0.351112	-0.10385	0.417349	0.536029	-0.115413
0.0136279	-0.880077	0.452223	0.124697	-0.4342	0.31522
0.416755	0.342258	-0.399183	0.417349	0.536029	-0.115413
0.242094	1.04539	0.536453	0.309541	0.906225	0.311753
-0.276664	-0.457069	0.294294	0.0892848	-0.198837	0.157601
-0.0929422	-0.656718	0.503532	0.0982774	-0.295347	0.345077
-0.0881384	0.49592	-0.485984	0.091265	0.53882	-0.38297
0.0463474	0.913007	0.173281	0.23109	0.748143	0.0105493
0.0233933	-0.541588	-0.498606	0.244575	0.181365	-0.262673
0.459842	0.293637	-0.126822	0.417349	0.536029	-0.115413
0.17264	-0.00717798	-0.363271	0.417349	0.536029	-0.115413
-0.0198811	0.671181	-0.406035	0.0228513	0.630051	-0.395137
0.200521	-0.729468	0.0509577	0.33475	0.0962749	-0.0429907
0.287793	-0.488184	-0.284783	0.344949	-0.00789957	-0.177153
-0.265249	0.65283	0.141185	-0.15214	0.678969	0.121543
0.00970512	0.933999	0.322566	0.174769	0.768281	0.220456
0.321947	-0.203548	0.544053	0.32435	0.132216	0.312778
0.267476	0.329568	0.383516	0.417349	0.536029	-0.115413
0.144447	0.343514	-0.472584	0.417349	0.536029	-0.115413
-0.222304	-0.499049	0.00970864	-0.0048	-0.151396	-0.0841437
0.211037	-0.867623	-0.145465	0.349683	-0.29404	-0.144502
0.244575	0.181365	-0.262673	0.417349	0.536029	-0.115413
0.396575	-0.310103	0.277158	0.388404	0.307901	-0.0136156
0.0146395	0.240406	0.441964	0.148532	0.362398	0.221789
0.379644	0.705839	0.183626	0.417349	0.536029	-0.115413
0.132889	0.629522	0.209627	0.417349	0.536029	-0.115413
0.272692	-0.643506	0.163468	0.33475	0.0962749	-0.0429907
0.49308	0.680117	-0.433569	0.417349	0.536029	-0.115413
0.00766799	0.133221	-0.3487	0.0260205	0.207859	-0.235943
-0.193541	-0.653713	-0.0469886	0.0683697	-0.143782	-0.207793
0.0537046	-0.725958	0.0135558	0.33475	0.0962749	-0.0429907
-0.141372	0.0237281	0.508481	-0.00739541	0.149693	0.405629
0.265309	0.737383	0.361836	0.417349	0.536029	-0.115413
0.301424	-0.457396	-0.0281918	0.417349	0.536029	-0.115413
-0.317603	1.00152	0.0981513	-0.248668	0.965964	0.106991
0.1904	-0.861162	-0.195535	0.349683	-0.29404	-0.144502
-0.062878	0.187131	0.376934	0.105665	0.316189	0.230462
-0.117843	0.889499	0.277175	0.0914052	0.803391	0.100491
-0.319332	0.935787	-0.251918	-0.121507	0.85937	-0.193076
0.180758	0.109182	0.243929	0.417349	0.536029	-0.115413
0.196053	-0.669941	-0.25951	0.281969	-0.12683	-0.26612
0.157184	-0.206797	0.0465591	0.417349	0.536029	-0.115413
-0.120311	0.810575	0.505293	0.132889	0.629522	0.209627
0.440709	-0.390129	0.26531	0.388404	0.307901	-0.0136156
0.0539997	-0.0383806	-0.0788714	0.193456	0.0770998	-0.124734
0.200845	-0.759164	-0.18746	0.272312	-0.223531	-0.135045
-0.174834	-0.611663	-0.432958	0.0683697	-0.143782	-0.207793
0.304185	-0.279498	0.42386	0.388404	0.307901	-0.0136156
0.000894011	0.107428	-0.125432	0.417349	0.536029	-0.115413
0.302396	0.468566	0.531066	0.353095	0.44376	0.0770828
0.0671253	0.178053	-0.452883	0.417349	0.536029	-0.115413
0.159699	-0.492325	-0.157482	0.250156	0.059118	-0.147521
0.349683	-0.29404	-0.144502	0.417349	0.536029	-0.115413
-0.0440272	-0.742362	-0.0222819	0.173871	-0.180657	0.00851187
0.436386	-0.48183	0.368216	0.388404	0.307901	-0.0136156
0.357996	-0.579482	-0.0359367	0.417349	0.536029	-0.115413
0.33475	0.0962749	-0.0429907	0.417349	0.536029	-0.115413
-0.308225	0.943756	-0.125548	-0.115394	0.7975	-0.113724
0.303922	-0.0910371	-0.476048	0.417349	0.536029	-0.115413
-0.226677	0.923404	0.151811	-0.137488	0.837567	0.178852
-0.0654247	0.488867	-0.209752	0.417349	0.536029	-0.115413
0.414828	1.0263	0.435401	0.417349	0.536029	-0.115413
-0.159688	0.818422	0.314814	-0.101491	0.761259	0.292804
0.388404	0.307901	-0.0136156	0.417349	0.536029	-0.115413
-0.308547	-0.179917	-0.0447161	-0.0466629	0.221583	-0.158838
0.212141	-0.935577	-0.403959	0.281969	-0.12683	-0.26612
0.139244	-0.791897	-0.472223	0.282651	-0.138277	-0.312087
0.0892697	-0.282017	0.294956	0.203855	-0.0656573	0.153755
0.0683697	-0.143782	-0.207793	0.417349	0.536029	-0.115413
-0.165539	-0.260964	0.155843	0.0184953	-0.0669582	0.126225
0.27086	-0.176694	0.350381	0.417349	0.536029	-0.115413
-0.261756	-0.719529	-0.0445181	0.0683697	-0.143782	-0.207793
-0.133284	-0.324016	0.210209	0.0184953	-0.0669582	0.126225
-0.142921	-0.889817	-0.128497	0.0683697	-0.143782	-0.207793
-0.0292224	-0.265379	0.361774	0.180758	0.109182	0.243929
0.438008	-0.819097	-0.0945737	0.440322	-0.120443	-0.0806601
0.282556	-0.408902	-0.410759	0.417349	0.536029	-0.115413
0.440319	0.00770483	-0.439135	0.417349	0.536029	-0.115413
-0.300256	0.35902	-0.475127	-0.134128	0.450321	-0.398727
0.463227	0.680804	-0.211438	0.417349	0.536029	-0.115413
-0.119566	-0.197527	0.00977023	0.0600278	0.0546037	-0.138126
0.331104	0.566268	0.158339	0.417349	0.536029	-0.115413
-0.109817	-0.30446	0.390961	0.180758	0.109182	0.243929
0.233926	0.118038	-0.48907	0.417349	0.536029	-0.115413
-0.114946	-0.0805932	0.409249	0.0242874	0.103161	0.27161
0.324872	-0.347316	-0.0283973	0.417349	0.536029	-0.115413
0.32215	-0.895001	-0.308561	0.349683	-0.29404	-0.144502
0.349867	-0.880509	0.3547	0.389143	-0.255394	0.112049
0.362403	0.549213	0.415779	0.417349	0.536029	-0.115413
0.0228513	0.630051	-0.395137	0.417349	0.536029	-0.115413
0.174769	0.768281	0.220456	0.417349	0.536029	-0.115413
0.31965	0.725655	0.0448286	0.417349	0.536029	-0.115413
-0.265681	-0.658456	0.124472	0.173871	-0.180657	0.00851187
-0.236776	-0.116181	-0.0691218	0.000894011	0.107428	-0.125432
-0.117508	-0.415862	0.00553652	0.0976939	-0.112445	-0.0944156
0.492848	-0.211153	-0.49763	0.417349	0.536029	-0.115413
-0.107917	0.934771	0.515689	0.174769	0.768281	0.220456
0.464684	0.594132	0.534482	0.417349	0.536029	-0.115413
0.440322	-0.120443	-0.0806601	0.417349	0.536029	-0.115413
-0.282102	-0.514455	0.361937	-0.044472	-0.135369	0.229377
0.449196	0.950665	-0.308941	0.417349	0.536029	-0.115413
0.237555	0.899443	0.17859	0.417349	0.536029	-0.115413
0.268804	-0.580601	0.223597	0.417349	0.536029	-0.115413
-0.222785	0.908929	0.514218	0.132889	0.629522	0.209627
0.412101	0.00850105	0.402354	0.417349	0.536029	-0.115413
0.0125554	-0.877295	-0.205576	0.131478	-0.56756	-0.170304
-0.205399	1.01524	0.242703	-0.0791676	0.936969	0.200408
-0.0466629	0.221583	-0.158838	0.417349	0.536029	-0.115413
-0.182742	0.208761	-0.470841	0.417349	0.536029	-0.115413
-0.122943	0.327647	0.393308	0.417349	0.536029	-0.115413
-0.328257	0.123253	-0.355294	0.0260205	0.207859	-0.235943
0.278279	0.965354	-0.239004	0.417349	0.536029	-0.115413
0.0322316	-0.736128	0.107552	0.417349	0.536029	-0.115413
0.0260205	0.207859	-0.235943	0.417349	0.536029	-0.115413
-0.304381	0.197949	-0.00639159	-0.142782	0.248221	-0.130758
-0.0130935	-0.184887	-0.231188	0.417349	0.536029	-0.115413
-0.344557	-0.355274	0.353496	-0.224313	-0.233208	0.310205
0.448533	-0.593432	-0.332544	0.417349	0.536029	-0.115413
-0.263235	0.475551	0.475973	-0.0692214	0.435451	0.402799
0.141528	0.829706	-0.246837	0.417349	0.536029	-0.115413
-0.151592	-0.376821	-0.200847	0.417349	0.536029	-0.115413
0.173871	-0.180657	0.00851187	0.417349	0.536029	-0.115413
0.0982774	-0.295347	0.345077	0.417349	0.536029	-0.115413
