Workspace	0	0	0	0.64	2	0.64
Target	-0.0585966	0.498208	0.368773	0.32	0.32	0.32
Start	0.145828	0.666544	0.240855	0	0	0
Obs0	0	0.5	0	0.2	1	0.2	
Obs1	0	0.614	0.6	0.1	0.2	0.1	
Obs2	0.2	0.614	0.6	0.1	0.2	0.1	
Obs3	0	0.614	0.3	0.1	0.2	0.1	
Obs4	0.2	0.614	0.6	0.1	0.2	0.1	
Obs5	-0.4	0.614	0.6	0.1	0.2	0.1	
Obs6	0.3	0.614	0.5	0.1	0.2	0.1	
Obs7	-0.3	0.614	0.3	0.1	0.2	0.1	
Obs8	0.1	0.614	0.3	0.1	0.2	0.1	
Obs9	-0.2	0.614	0.3	0.1	0.2	0.1	
Obs10	-0.0685408	0.00188869	-0.100561	0.0957847	0.256311	0.0751567	
Obs11	0.0252673	0.00188869	0.0915589	0.118852	0.256311	-0.336825	
Obs12	0.0808239	0.087449	-0.085297	0.150487	0.143647	0.145801	
